imu_0__lidar_main:
      rows: 3
      cols: 3
      dt: d
      data: [-0.00349065, 0.99505011, -0.09931308,
            -0.99999238, -0.00330005, 0.00208338,
             0.00174533, 0.09931960, 0.99505405]
      translation: [0.01600892, -0.03036198, -0.30482987]
imu_in_center_front_rotation: !!opencv-matrix
   rows: 3
   cols: 3
   dt: d
   data: [ 0.98759213, -0.00346293, -0.15700250,
            -0.15702499, -0.00763935, -0.98756508,
             0.00222047, 0.99996482, -0.00808832 ]
imu_in_center_front_translation: !!opencv-matrix
   rows: 3
   cols: 1
   dt: d
   data: [ 0.04063332, -0.12570024, -0.87498836 ]
imu_in_surrounding_back_rotation: !!opencv-matrix
   rows: 3
   cols: 3
   dt: d
   data: [ -0.99857081,  0.00845689, -0.05277148,
          0.05117393,  0.43606355, -0.89845969,
          0.01541354, -0.89987613, -0.43587310 ]
imu_in_surrounding_back_translation: !!opencv-matrix
   rows: 3
   cols: 1
   dt: d
   data: [ -0.02466859, 0.33330269, -0.62393063 ]
imu_in_surrounding_front_rotation: !!opencv-matrix
   rows: 3
   cols: 3
   dt: d
   data: [ 0.97964620, -0.08466804, -0.18200178,
            -0.20071341, -0.40084253, -0.89389003,
             0.00272986, 0.91222617, -0.40967788 ]
imu_in_surrounding_front_translation: !!opencv-matrix
   rows: 3
   cols: 1
   dt: d
   data: [ 0.09038354, 0.15453067, -0.90038721 ]
imu_in_surrounding_left_rotation: !!opencv-matrix
   rows: 3
   cols: 3
   dt: d
   data: [ 0.05100067,  0.99431871, -0.09240409,
          0.57173873, -0.10492160, -0.81370216,
         -0.81883391, -0.01124424, -0.57391901 ]
imu_in_surrounding_left_translation: !!opencv-matrix
   rows: 3
   cols: 1
   dt: d
   data: [ 0.07049877, 0.32766861, -0.79647228 ]
imu_in_surrounding_right_rotation: !!opencv-matrix
   rows: 3
   cols: 3
   dt: d
   data: [ -0.08746777, -0.88764049,  0.13687352,
         -0.58552254, -0.05988589, -0.80844781,
          0.80594348, -0.15174092, -0.57211831 ]
imu_in_surrounding_right_translation: !!opencv-matrix
   rows: 3
   cols: 1
   dt: d
   data: [ 0.57321045, 0.93202951, -1.13997637 ]
